3.850880136897708028e-02
4.586575135001097481e-01
6.484758809227109122e-01
1.270369417130032541e-01
1.517861859917390283e-02
3.058320850720721521e-03
4.968230947403897118e-15
5.881451587418213833e-01
1.437780073749975740e-01
2.226200703071368279e-03
4.835086556534913364e-03
1.530877642455013843e-01
4.422272120287364799e-04
2.508669241252932114e-01
6.901330477540776977e-06
5.990487173568904283e-02
1.562706318405981676e-01
6.519174271922717478e-01
2.462658741387318551e-01
3.058520888206382043e-02
1.040915210640132316e-02
4.180762159833448927e-02
6.210531453131482582e-01
5.630850852549250662e-01
9.792011280529661077e-02
1.863287318425382588e-01
9.112452604183270740e-04
2.956432879111570156e-02
2.776369394229138282e-02
1.668238552642648809e-01
2.353409331572118082e-02
2.060907546159157500e-01
5.144802954930335209e-02
1.510509899963919933e-01
7.700260205789223600e-02
3.506750158962635422e-01
5.041273021439950097e-02
9.632917572223546054e-01
3.854520455767149745e-01
9.813336131406813490e-02
1.785103784126985393e-01
9.370573542332159001e-01
2.315638712736983185e-01
1.136324207794872088e-01
1.197881948475642831e-06
5.945721437561535955e-02
4.426738361346810868e-01
7.143643721899697874e-02
6.142998195766844610e-02
6.344539564245443852e-01
8.145490788775358038e-01
5.227792532042995211e-01
6.070237390948794998e-01
9.138960688228828788e-01
7.767691337136621854e-01
9.938526228849968724e-01
5.969688337481463547e-01
5.604015851899065703e-01
8.855694349585734315e-01
9.126789971887034891e-01
9.616376162483759593e-01
8.744061430352761954e-01
3.452852599967528024e-01
9.901929247969257775e-01
9.349267199005802942e-01
9.728751127459100978e-01
9.460120215197969085e-01
7.605849156219776086e-01
7.999817214542472854e-01
9.410324120033127793e-01
9.952999351717479737e-01
6.919671311381868639e-01
9.080809455487679482e-01
8.714116667572407993e-01
9.475493383410531489e-01
9.374966969949091178e-01
9.908050816306179787e-01
9.263189333804359160e-01
9.895427680830690687e-01
6.039777130998228438e-01
3.051852307978096812e-01
9.946630885327917282e-01
9.009034757474847499e-01
9.867267621335338301e-01
9.011665756307796205e-01
9.655978625485105438e-01
9.692980712844513347e-01
9.135088697558398918e-01
9.355606612297563407e-01
8.651861299108868364e-01
5.955074172109200425e-01
8.232436157940988819e-01
7.915452700038900780e-01
8.243225394094670921e-01
9.213701685485730097e-01
9.421721091330315101e-01
9.648666201610459625e-01
9.255085804514588954e-01
9.461437137422419319e-01
8.293134236299181117e-01
