1.347698801095433083e-03
2.810052181544718808e-01
3.194661238161079775e-02
2.336712779267225912e-02
7.172465882210655487e-03
1.008846118483057580e-01
2.221202840111918125e-02
1.794097614566779117e-03
2.413232543092547894e-02
5.557569157475655830e-02
1.072123069083061233e-03
1.035656043447199248e-01
1.587833787712059422e-02
8.486884375602941205e-03
3.908910319903704579e-04
5.536072326993112247e-01
2.310226484353958831e-01
1.437878608100709942e-04
3.235673063226850860e-02
2.745933672872751669e-02
4.319800044159267244e-02
7.139494645438239449e-04
4.449083532161737797e-03
1.167887650179376575e-02
1.968900838427285194e-01
2.118252581806555623e-01
3.085061225586024913e-01
4.996364637668378461e-01
8.843675460697855706e-02
1.808110853628204506e-02
5.821583750724050599e-02
9.321781316566075670e-01
9.087948272162679197e-01
1.185127088451993216e-01
2.213675816676370645e-02
1.866939708521393433e-03
9.117910606628698567e-03
5.957117290144683074e-03
7.985195494705837546e-03
1.829012357790402443e-01
2.902033812674437163e-02
1.529771574311693120e-03
8.223911321873422775e-02
5.868738897398750182e-02
3.944561280473273153e-03
2.705996511733037568e-01
1.778210978012707277e-01
1.381911378228065784e-02
2.359484184536628183e-04
1.831551135853262680e-02
9.848867518362947049e-01
9.892403512696220647e-01
9.967695106413674289e-01
5.915168964623884751e-01
7.369439459997753072e-01
4.911369212767496273e-01
6.554896156647860295e-02
5.648336521720110914e-01
9.936960279627325976e-01
9.990862509675741965e-01
7.679709182236086340e-01
9.985970384391051891e-01
9.458369416130852914e-01
8.735132734546615652e-01
2.201277608275255815e-01
9.946528769632164702e-01
9.215391127826416673e-01
9.977072103943798176e-01
9.945601703124722359e-01
4.132104112907222793e-01
9.898840481519936008e-01
9.967168092869277407e-01
9.998245230947693241e-01
9.881620467225462612e-01
7.612089081877552177e-01
7.598072263340477361e-01
9.959054777576860085e-01
9.904336261807301645e-01
9.608381310301862266e-01
9.296564721138766973e-01
2.296065462425134207e-01
9.664431719003895305e-01
6.908016820143018100e-01
8.981389567182033185e-01
9.992195185049002060e-01
9.942410191293089561e-01
9.441984254717979974e-01
9.945647237101865601e-01
9.905467429958527692e-01
7.280918640467233249e-01
9.397760364753365847e-01
9.429341042762651171e-01
4.354754334700209339e-01
9.994603544631793790e-01
9.434769401094472707e-01
8.902151264067524883e-01
9.869433577928146128e-01
9.954431509235388553e-01
9.996317113199997273e-01
9.369351296969358200e-01
