3.390880697223820905e-01
4.430680312268920479e-02
4.063296908337120372e-02
6.966897422341485069e-02
6.994570026506299887e-02
1.560443068501206065e-01
8.123185067791272029e-02
4.290853749769926555e-03
1.332014613333080133e-01
2.557619197691339205e-02
5.203127893186382247e-02
5.555770520980247290e-02
6.891926376598457582e-02
7.212791115562069977e-02
2.190521231400616164e-02
4.947715476097265808e-01
1.880976451756543461e-02
4.163050116610828716e-02
1.059591785106119011e-01
1.351815994974744917e-02
1.449882308269575051e-02
1.461474089220279604e-01
8.150504257380655759e-02
1.075670503794557420e-01
7.116635202282216646e-03
9.043978815166669669e-03
3.315957244507731355e-02
2.580737722538778423e-01
1.829238564852733381e-02
5.912641535178282393e-01
8.832358012701124750e-02
1.741108703462473928e-02
7.286065799679472370e-03
2.132991179720895164e-02
2.177005135780944733e-01
7.224933890605911291e-02
2.121417512157661167e-01
2.820824351391159057e-01
2.519157590545637385e-02
2.662920735763342484e-02
7.214587881102221822e-02
2.954090461673418433e-02
1.157051840833245304e-02
1.103652226684573856e-01
7.021273263165914158e-02
1.126923450414828581e-01
1.808897604837473097e-02
6.155664440409152650e-03
4.941480641353505898e-02
1.178165143158970807e+00
6.315485688295917333e-02
1.246572321358258573e-01
2.941337331749569253e-02
1.271290530411695319e-01
6.929724578008028546e-02
8.147315215649708620e-03
7.514240766912411162e-02
5.636957181982423654e-02
1.048638685576284701e-01
5.923362188589194333e-02
2.982848828876484906e-02
2.178250505530314463e-02
6.412936966173238273e-01
1.291140604328540054e+00
7.633707571141823411e-01
6.217742799275814969e-01
5.886438881497779718e-01
7.505015209712533331e-01
7.149492482955578376e-01
1.485409028103391149e+00
2.239526099623698308e+00
1.198940517507385062e+00
1.161200621052003168e+00
9.034782150078799479e-01
1.239145450223890776e+00
5.790175427261657903e-01
8.914329447720031885e-01
7.342716837173217659e-01
9.672811415087334552e-01
3.962191396004930977e-01
9.075890171488674163e-01
2.288541426576549576e+00
1.213876107781587832e+00
1.005547226441636077e+00
6.083669780425774443e-01
5.467461960480557437e-01
6.792969430253447127e-01
1.079858215692067303e+00
1.616729038159604226e+00
9.672657422294150820e-01
6.310504371354418440e-01
9.265254465988826960e-01
7.300866732916040380e-01
9.957318564353933033e-01
7.982190065961806136e-01
1.402377729791706829e+00
1.160118011737508503e+00
6.172715838947122613e-01
1.104942705846658324e+00
1.347210983652403105e+00
1.715159150702255886e+00
9.319934609698687922e-01
8.382476607049675899e-01
1.327895264227881844e+00
4.342562870770690919e-01
8.458301713468926453e-01
8.953481217143915982e-01
1.181723774268280680e+00
7.048600601219411343e-01
5.374492845290530507e-01
1.307848076850522956e+00
4.930741835035566956e-01
1.101696675659923130e+00
5.600677169705993164e-01
4.377362989317368780e-01
1.248681200172708117e+00
1.556256210389355354e+00
7.114845873602957393e-01
1.252009444984595099e+00
9.145269271724972837e-01
8.081051036336299731e-01
8.116637928483796394e-01
6.603693243324288975e-01
1.083429806518346084e+00
