1.128717852841614189e-01
-8.786025693915684442e-01
7.544993703390427964e-01
1.593738509299226225e-01
8.569827941425015583e-01
2.765178145561522083e-01
1.616036736974110766e-01
9.298183462772278141e-01
9.919610863884669172e-01
8.816572059567420183e-01
1.029915855922801438e+00
7.787664443968764227e-03
-6.772094280925742282e-01
4.887214401641282180e-01
-1.136473494727852085e-01
6.463822480698002693e-01
4.656894174173564771e-01
7.497799912083795704e-01
-6.528419016377711159e-01
-5.690773717802528608e-01
-2.316783387586429654e-01
-5.682710834131974309e-01
1.281419119116229410e-01
-8.325204969743396077e-01
-9.135833241341426714e-01
-9.108193393917645153e-01
-5.506163770327425766e-01
-5.867420294392342583e-01
-6.133110326861803685e-01
6.808697294484495899e-01
5.097513798250385975e-01
1.059286849160297805e+00
2.015630330420599137e-01
-9.476261440541478009e-02
3.748339123003248119e-01
9.206562367530601865e-01
1.002103904842606141e-01
7.495659541191269648e-01
-4.777620609744488434e-01
6.824872628438026778e-01
-5.201614280878636976e-01
-1.569012063320194272e-01
-2.180318199406370283e-01
-6.130301148405479239e-01
3.688637356459310013e-01
9.357476583853221452e-01
7.394897841500461810e-01
4.497553344918181484e-01
9.203059789570957605e-01
-7.320623763856470845e-01
8.690436292141328067e-01
6.779930309229528218e-01
-9.198633193483107817e-02
-8.598227030310257729e-03
3.110366279470102580e-01
2.677211110196452415e-01
4.473783888281964161e-01
-9.942566653101376772e-01
-5.183727207623718414e-01
1.024491887517933408e+00
1.037869635027157678e+00
-5.483813149365472928e-01
-8.969824662547125627e-01
-2.627921009829705667e-01
8.821609539004526823e-01
5.522054299022229884e-01
8.973083096945968506e-01
-5.584730907381032505e-01
5.350337836172940342e-01
6.607217891341616856e-01
-6.650366892140446851e-01
1.244561016157826328e-01
-8.909614677886157352e-01
9.358778323926091325e-01
7.063108031416458488e-01
5.430135285479209539e-01
2.853690108859747721e-01
-9.478587568490839388e-01
2.328278737470754201e-01
1.147216372604261680e-01
2.116375172029510976e-01
-7.167712665343444201e-01
-9.249301804984444431e-01
5.488539993015706386e-01
-1.932463936694848172e-01
-8.458850707351635023e-01
-2.586093840233161245e-01
7.563953826430189764e-01
9.123295701673401759e-01
-4.993063452190433793e-01
-7.953794783162670967e-01
-3.766062530220857241e-01
8.695184130837749770e-01
3.552748692153832877e-02
1.057574759859918334e+00
2.248451836607685550e-01
-8.763423434981731930e-02
-8.751001842056367330e-01
-9.845812143730976462e-01
6.841048570786355532e-01
-7.645767596786665621e-01
6.308163394192142781e-02
9.130504691908543080e-01
3.061040103096530629e-01
8.013395958833693378e-01
-9.791399262458622132e-01
-5.515919499003030246e-01
-2.704720596426604118e-01
7.546908664745917150e-01
-8.092745005805195291e-01
4.448485282656733375e-02
-8.880827438924638884e-01
4.949296084622849534e-01
6.769527155860629586e-01
-9.128144064473406871e-01
-8.964110229673059038e-01
4.041026092463657626e-01
1.149506285224397573e-01
4.039584051284350608e-03
5.127154094054588995e-01
-4.341715981877403152e-01
1.862092281686782425e-01
2.041879073347274698e-02
-3.285379467944906651e-01
3.055276777715638659e-01
-2.559600306316625051e-01
-4.197806381651609797e-01
5.987961187830473930e-01
-7.943543381173796547e-01
1.053776934988708947e+00
1.783133761898195724e-01
1.554559378537045400e-01
-3.283140269357716079e-01
2.052158582298311273e-01
4.491976060380578617e-02
1.462033375015381331e-01
-9.356877161635348550e-01
-8.247470137356707198e-01
9.102449628607063303e-01
1.026582861134164304e+00
-5.973163230590436967e-01
-9.747447408740601560e-01
7.157163812116580370e-01
8.576152467849329497e-01
-5.514188389500422893e-01
-7.207485272469575932e-01
2.680612294083707381e-01
-7.093745091027461314e-01
-7.591938601527963293e-01
4.082553006717279942e-01
-9.853975605029847706e-01
-7.739555654311960353e-01
4.831726780359275608e-01
5.290849021148265052e-01
9.313304355785193556e-01
-7.190956476990315593e-01
-6.269654025672828368e-01
4.851354575894261667e-01
4.659932890639097991e-01
2.730176336564893447e-01
9.538825963608665859e-02
-2.394386548586808772e-01
9.797815045342896934e-01
6.645270457861537916e-02
6.153249177638233647e-01
-9.317982510111733063e-01
-6.948467575942167684e-01
-3.008789422379578582e-01
9.425318768935063707e-01
-6.724345646839253732e-01
1.627475589284728130e-01
8.861893381958608762e-01
5.126162222084751363e-01
4.574917787587011730e-01
7.819842776826315678e-01
-7.106431986752674845e-01
-1.916562874379081904e-01
7.534745872533028521e-01
-1.344748840049261318e-01
-6.708886636250088742e-01
4.450276657862643759e-02
3.300845806270693572e-01
-6.354322552494036103e-01
7.562689265095650093e-01
2.546356265894509363e-01
-8.420310856716857195e-01
-9.555837796307784515e-01
4.196287920483410261e-01
-6.365406748784216973e-01
2.939017104531809199e-01
7.735346267753229199e-01
-9.718890132744482102e-01
3.302352775880024183e-02
8.225236740309043171e-01
6.862268197774664680e-01
3.015216248422323275e-01
1.364432649846204493e-01
-5.928198080723143804e-01
3.132801851386979308e-01
1.038496552847715027e+00
